"","emp_nonemp","bin_BL_gender","bin_BL_marital2","bin_BL_education","age_group","BL_F6","Labour_market_A4","FU_B1_imputed","BL_Difference_G","BL_B6_13","FU_A10_imputed","FU_A14_imputed","BL_A4_groupped","bin_FU_A1"
"1",2,0,1,1,4,0,1,10,1,1,1,3,1,1
"2",2,0,1,0,4,0,1,10,1,1,1,3,1,1
"3",1,0,1,0,4,1,1,10,1,1,1,1,10,1
"4",2,0,0,0,2,0,1,10,2,1,1,1,5,1
"5",2,0,1,0,3,0,1,10,1,1,1,2,5,1
"6",1,1,0,0,4,0,5,10,1,2,1,1,NA,1
"7",1,1,1,0,3,1,5,10,2,1,1,2,6,1
"8",2,0,0,1,1,NA,1,10,2,2,1,1,5,1
"9",2,0,1,0,4,0,5,9,2,1,1,3,1,1
"10",1,0,1,0,1,1,1,9,2,1,1,2,5,1
"11",1,0,0,1,1,0,1,9,2,1,1,2,5,1
"12",2,0,1,1,3,NA,1,9,2,1,1,2,1,1
"13",1,1,0,1,1,0,1,9,2,1,2,1,1,1
"14",2,1,1,0,3,0,1,9,2,1,2,1,5,1
"15",2,0,0,1,2,NA,1,9,1,1,1,2,5,1
"16",1,0,1,1,2,1,1,9,2,1,1,1,5,1
"17",1,1,1,0,4,0,5,8,1,1,1,3,6,1
"18",2,0,0,1,1,NA,1,8,1,2,2,4,4,1
"19",1,1,1,0,3,0,1,8,1,1,1,3,NA,1
"20",2,0,1,0,3,0,1,8,1,1,1,3,1,1
"21",2,0,1,0,1,NA,1,8,2,1,1,2,1,1
"22",1,0,1,0,1,1,1,8,2,1,1,2,10,1
"23",1,0,1,1,2,1,1,8,2,1,1,2,5,1
"24",1,0,1,1,4,1,1,8,2,1,1,2,1,1
"25",1,0,0,0,1,1,1,8,2,1,1,2,1,1
"26",1,1,1,1,3,0,1,8,1,1,2,2,5,1
"27",1,1,0,1,2,0,1,8,1,1,2,2,NA,1
"28",1,1,0,0,1,0,1,8,1,1,1,2,5,1
"29",2,0,0,1,2,NA,1,8,1,1,1,2,1,1
"30",1,1,1,1,3,0,1,8,2,1,1,1,5,1
"31",2,1,0,1,3,NA,1,8,2,1,1,3,1,1
"32",2,0,0,1,2,NA,1,8,1,2,1,2,1,1
"33",2,0,0,1,1,NA,1,8,2,2,1,1,8,1
"34",2,1,0,0,1,0,1,8,1,1,1,3,5,1
"35",1,0,1,1,3,1,1,8,2,1,2,2,10,1
"36",1,0,1,0,3,1,1,8,1,1,1,2,10,1
"37",1,0,0,0,3,1,1,8,1,1,1,2,5,1
"38",1,1,1,0,2,1,1,8,1,1,1,2,1,1
"39",1,0,1,1,3,1,1,8,2,1,1,2,10,1
"40",1,1,0,0,1,0,1,8,1,2,1,2,5,1
"41",1,0,1,0,3,0,1,8,2,1,1,2,1,1
"42",2,1,1,1,3,0,1,8,2,1,2,2,1,1
"43",2,0,1,1,3,0,1,8,1,1,1,2,5,1
"44",2,0,1,0,3,0,1,8,2,1,1,1,5,1
"45",2,1,0,1,2,NA,1,8,1,2,1,1,5,1
"46",1,1,0,1,4,0,1,7,1,1,1,2,NA,1
"47",2,0,0,0,1,0,1,7,2,1,1,3,5,1
"48",2,0,0,0,1,1,1,7,1,1,1,2,1,1
"49",1,0,0,0,1,1,1,7,2,1,1,2,1,1
"50",1,0,0,0,2,1,1,7,2,1,1,2,1,1
"51",1,0,1,0,1,1,1,7,1,1,1,2,10,1
"52",1,0,1,0,3,1,1,7,1,1,2,2,5,1
"53",1,0,1,1,3,1,1,7,2,1,2,2,5,1
"54",1,0,1,0,3,1,1,7,1,1,1,2,5,1
"55",1,0,1,0,2,1,1,7,2,1,2,2,10,1
"56",1,0,1,0,2,1,1,7,2,1,1,2,5,1
"57",1,1,1,0,1,1,1,7,2,1,1,2,5,1
"58",1,0,1,0,3,1,1,7,2,1,1,2,10,1
"59",1,1,0,0,2,1,1,7,2,1,1,2,10,1
"60",1,0,1,0,3,1,1,7,2,1,1,2,10,1
"61",1,1,1,0,3,0,1,7,1,1,1,2,6,1
"62",1,0,1,0,4,0,1,7,2,1,2,2,5,1
"63",1,0,1,0,1,0,1,7,1,1,2,2,NA,1
"64",1,0,0,0,1,0,1,7,2,1,2,2,1,1
"65",2,0,1,1,2,0,1,7,2,1,1,2,1,1
"66",2,0,0,0,1,0,1,7,2,1,1,2,5,1
"67",2,0,1,1,3,0,1,7,1,1,1,2,5,1
"68",2,0,0,0,1,0,1,7,1,1,1,2,9,1
"69",2,1,0,1,1,NA,1,7,1,2,1,2,5,1
"70",1,1,0,0,1,0,1,7,1,1,2,1,5,1
"71",2,0,0,1,1,0,1,7,2,1,2,1,5,1
"72",2,1,1,1,2,0,1,7,2,1,2,1,10,1
"73",1,1,0,0,4,0,2,7,1,1,1,2,5,1
"74",2,0,1,0,4,0,1,7,2,1,1,3,5,1
"75",2,0,0,1,2,NA,1,7,1,1,1,2,1,1
"76",2,0,1,0,4,0,1,7,2,1,1,2,5,1
"77",1,0,0,1,3,0,5,7,2,1,2,3,1,1
"78",2,0,1,1,2,1,5,7,1,1,1,2,1,1
"79",1,1,1,0,3,0,1,7,1,1,1,3,NA,1
"80",1,0,0,0,1,0,1,7,1,1,2,3,1,1
"81",1,0,0,0,1,1,1,7,1,1,1,2,10,1
"82",1,0,1,0,2,1,1,7,2,1,1,2,5,1
"83",1,0,1,0,1,1,1,7,2,1,1,2,1,1
"84",1,0,1,1,2,1,1,7,2,2,1,2,5,1
"85",1,0,0,1,1,1,1,7,2,1,1,2,5,1
"86",1,0,1,1,2,1,1,7,2,1,1,2,5,1
"87",1,0,0,0,1,1,1,7,2,1,1,2,10,1
"88",1,0,1,0,1,1,1,7,1,1,1,2,5,1
"89",1,0,1,0,2,1,1,7,2,1,2,2,10,1
"90",1,0,0,1,2,1,1,7,1,1,1,2,10,1
"91",1,0,1,0,1,1,1,7,1,1,1,2,10,1
"92",1,0,1,1,2,1,1,7,2,1,1,2,10,1
"93",1,0,1,1,1,1,1,7,1,1,1,2,10,1
"94",1,0,0,0,1,1,1,7,2,1,1,2,10,1
"95",1,0,1,0,3,1,1,7,2,1,1,2,10,1
"96",1,1,1,1,1,0,1,7,1,1,1,2,NA,1
"97",2,0,1,0,3,0,1,7,1,1,1,2,5,1
"98",2,0,0,0,1,0,1,7,2,1,1,2,10,1
"99",2,0,0,0,1,0,1,7,2,2,1,2,8,1
"100",1,1,1,0,3,0,2,6,2,2,1,4,6,1
"101",1,0,1,0,4,0,5,6,1,1,1,3,1,1
"102",2,0,0,1,1,0,1,6,2,1,2,4,5,1
"103",2,0,1,1,2,0,1,6,2,1,1,3,1,1
"104",1,1,1,0,1,0,1,6,1,1,1,3,NA,1
"105",1,0,1,0,3,0,1,6,1,1,1,3,1,1
"106",2,1,1,1,2,NA,1,6,1,1,1,3,5,1
"107",2,0,1,0,1,NA,1,6,1,1,2,2,1,1
"108",1,1,0,0,4,1,1,6,2,1,1,2,5,1
"109",1,1,0,0,1,1,1,6,1,2,1,2,5,1
"110",1,0,1,0,4,1,1,6,1,1,1,2,10,1
"111",1,0,0,1,2,1,1,6,2,1,1,2,5,1
"112",1,0,0,0,1,1,1,6,2,1,1,2,1,1
"113",1,1,0,1,2,1,1,6,2,1,1,2,1,1
"114",1,0,0,1,3,1,1,6,1,1,1,2,10,1
"115",1,0,1,0,3,1,1,6,1,1,1,2,10,1
"116",2,0,0,0,1,1,1,6,2,1,2,2,1,1
"117",1,1,1,0,4,0,1,6,1,1,2,2,NA,1
"118",2,0,0,1,3,0,1,6,2,1,2,2,5,1
"119",2,1,1,1,3,0,1,6,2,1,2,2,5,1
"120",2,0,1,0,3,0,1,6,2,1,1,2,1,1
"121",2,0,1,0,3,0,1,6,1,1,1,2,1,1
"122",2,0,0,0,1,0,1,6,1,2,1,2,5,1
"123",1,0,0,0,3,0,1,6,1,1,1,2,1,1
"124",1,0,0,0,3,0,1,6,1,1,1,2,5,1
"125",2,0,1,1,3,0,1,6,1,1,1,2,9,1
"126",2,0,0,1,3,1,5,6,1,1,2,3,NA,1
"127",1,0,1,0,2,1,1,6,2,2,1,3,5,1
"128",2,0,1,0,3,1,1,6,1,1,1,2,1,1
"129",2,1,1,0,3,0,1,6,1,1,2,2,5,1
"130",2,0,1,1,3,0,1,6,1,1,1,2,1,1
"131",2,1,0,1,1,0,5,6,2,1,1,4,1,1
"132",2,1,1,0,3,0,5,6,2,1,2,3,1,1
"133",2,1,0,0,1,0,5,6,1,2,2,1,4,1
"134",2,0,0,1,1,1,1,6,2,1,2,4,5,1
"135",1,0,1,1,2,1,1,6,2,1,1,3,10,1
"136",1,1,1,1,3,0,1,6,1,1,2,3,NA,1
"137",1,0,0,1,3,0,1,6,2,1,2,3,1,1
"138",1,0,0,0,3,1,1,6,2,1,1,2,1,1
"139",1,0,0,0,1,1,1,6,1,1,1,2,10,1
"140",1,0,1,0,1,1,1,6,1,1,1,2,10,1
"141",2,1,1,1,1,0,1,6,1,1,1,2,NA,1
"142",2,0,0,1,3,0,1,6,1,1,1,2,5,1
"143",2,0,0,1,1,0,1,6,2,1,1,2,1,1
"144",2,0,0,0,1,0,1,6,2,2,1,2,7,1
"145",1,0,0,0,1,0,1,6,2,1,1,1,1,1
"146",2,0,0,1,2,0,1,6,2,1,2,1,5,1
"147",1,1,0,0,3,0,5,5,1,2,1,3,6,1
"148",2,1,1,0,4,0,5,5,1,1,2,3,6,1
"149",1,0,0,0,1,0,5,5,2,1,1,2,5,1
"150",1,0,0,1,1,0,1,5,1,1,2,3,5,1
"151",2,0,0,1,1,0,1,5,2,1,1,3,1,1
"152",2,1,0,1,2,0,1,5,1,1,2,3,6,1
"153",2,0,1,1,4,0,1,5,1,1,1,3,1,1
"154",1,1,0,0,1,1,1,5,1,2,1,2,5,1
"155",1,0,1,0,3,1,1,5,2,1,1,2,10,1
"156",1,0,0,0,1,0,1,5,2,1,2,2,1,1
"157",2,0,1,1,3,0,1,5,1,1,1,2,8,1
"158",1,0,0,1,2,0,5,5,2,1,1,2,5,1
"159",2,0,1,1,3,0,1,5,1,1,2,4,1,1
"160",2,0,1,0,4,0,1,5,1,1,1,3,5,1
"161",2,0,0,0,2,0,5,5,3,1,1,3,NA,1
"162",1,0,1,0,4,0,2,5,1,1,1,3,NA,1
"163",1,0,1,0,1,0,5,5,2,2,1,3,5,1
"164",2,0,0,1,2,0,5,5,2,1,1,3,1,1
"165",1,0,0,1,2,0,5,5,2,1,1,2,5,1
"166",1,0,0,1,1,0,1,5,2,1,1,4,NA,1
"167",1,0,0,0,1,0,1,5,2,1,1,4,5,1
"168",1,0,1,1,2,1,1,5,2,1,2,3,5,1
"169",1,0,0,0,4,0,1,5,2,1,1,3,NA,1
"170",2,0,0,1,2,0,1,5,2,1,2,3,5,1
"171",1,0,1,0,1,1,1,5,2,1,2,2,1,1
"172",2,0,1,0,3,1,1,5,1,1,2,2,1,1
"173",1,0,1,1,3,0,1,5,2,1,1,2,1,1
"174",1,0,1,0,3,0,1,5,1,1,1,2,1,1
"175",2,1,1,1,3,0,1,5,2,1,1,2,5,1
"176",2,0,0,0,3,0,1,5,2,1,1,1,1,1
"177",1,0,0,0,1,1,5,4,2,1,1,4,10,1
"178",1,0,0,0,3,0,5,4,2,1,1,3,NA,1
"179",2,0,1,0,4,0,5,4,2,1,1,3,5,1
"180",2,0,0,0,1,0,1,4,2,1,2,4,5,1
"181",2,0,1,1,4,0,1,4,2,1,2,3,5,1
"182",2,0,0,0,3,0,1,4,2,1,2,2,5,1
"183",2,0,1,1,4,0,1,4,2,1,1,2,12,1
"184",1,0,0,1,1,0,4,4,2,1,2,3,1,1
"185",1,0,0,1,1,1,1,4,1,1,1,4,NA,1
"186",1,0,1,1,3,1,1,4,2,1,2,3,10,1
"187",1,0,0,1,3,0,1,4,3,1,1,3,1,1
"188",2,0,1,0,3,0,1,4,2,1,2,3,1,1
"189",2,0,1,1,2,0,1,4,1,1,2,3,5,1
"190",2,0,0,0,1,0,1,4,2,1,2,2,1,1
"191",1,1,1,0,3,0,1,4,1,1,1,1,5,1
"192",1,0,1,0,3,0,5,3,1,1,1,3,NA,1
"193",1,0,0,1,2,0,1,3,2,1,1,3,5,1
"194",2,0,1,0,3,0,1,3,2,1,2,5,5,1
"195",2,0,0,1,2,0,5,2,1,2,2,5,5,1
"196",2,1,0,0,3,0,2,2,1,2,1,4,6,1
"197",1,0,1,1,2,0,1,2,2,1,1,2,5,1
"198",1,0,0,0,1,0,2,2,1,1,1,2,5,1
"199",2,0,0,0,1,0,1,2,1,1,1,2,5,1
"200",1,1,1,0,3,0,2,1,1,2,1,3,6,1
"201",2,0,1,1,3,0,5,0,2,1,2,2,1,1
"202",2,0,0,0,2,0,5,0,1,1,1,1,1,1
"203",2,1,0,1,3,NA,5,6,1,1,1,2,0,0
"204",2,0,0,1,1,NA,5,6,2,1,1,2,5,0
"205",1,0,1,0,3,1,5,6,2,1,1,4,5,0
"206",2,0,1,1,4,1,5,8,1,1,1,2,5,0
"207",2,0,1,1,3,1,5,6,1,1,1,2,5,0
"208",2,0,1,0,4,1,4,8,1,1,1,2,5,0
"209",2,0,0,0,4,1,2,10,1,1,1,1,6,0
"210",2,1,0,1,1,1,2,9,1,1,1,2,5,0
"211",2,0,1,1,3,1,4,5,2,1,1,1,5,0
"212",2,0,1,1,4,1,4,9,2,1,1,3,1,0
"213",2,1,1,1,3,1,4,8,2,1,1,1,1,0
"214",2,0,1,0,4,1,5,7,1,1,2,2,5,0
"215",2,0,1,1,3,1,2,7,1,1,1,1,5,0
"216",2,1,1,1,4,1,2,4,1,1,1,2,6,0
"217",2,1,1,0,4,1,2,8,1,2,1,1,6,0
"218",2,0,1,1,3,1,2,4,2,2,2,1,5,0
"219",1,1,0,0,4,0,5,8,2,1,1,3,5,0
"220",1,0,1,1,2,0,2,6,2,1,2,3,NA,0
"221",1,0,0,1,2,0,5,7,2,1,1,3,1,0
"222",1,1,0,1,3,0,2,6,2,1,1,2,NA,0
"223",1,1,0,0,3,0,5,2,2,1,1,3,NA,0
"224",1,1,1,0,1,0,5,5,1,2,1,1,NA,0
"225",1,1,0,1,3,0,2,9,1,2,1,2,NA,0
"226",1,1,0,0,3,0,5,8,1,1,1,3,NA,0
"227",1,1,1,1,2,0,2,8,1,1,1,2,NA,0
"228",1,1,0,1,2,0,2,4,2,1,1,2,5,0
"229",1,1,0,1,3,0,5,7,1,1,1,2,1,0
"230",1,1,0,1,1,0,2,7,2,1,1,3,1,0
"231",1,1,0,0,2,0,5,7,1,2,1,2,NA,0
"232",1,1,0,1,1,0,2,7,1,2,1,1,NA,0
"233",1,1,1,0,4,0,2,5,1,2,1,3,6,0
"234",1,1,1,1,3,0,5,10,2,1,1,2,5,0
"235",1,1,0,1,2,0,5,7,3,1,2,2,1,0
"236",1,0,1,1,3,0,5,7,2,1,1,1,5,0
"237",1,1,1,1,3,0,5,6,2,1,1,3,5,0
"238",1,1,1,1,4,0,2,7,2,1,1,1,5,0
"239",1,0,1,1,2,0,5,8,2,1,2,3,5,0
"240",1,0,0,1,2,0,5,8,2,1,1,4,5,0
"241",1,1,0,0,4,0,5,9,1,1,2,3,NA,0
"242",1,0,0,1,2,0,5,5,1,1,1,2,5,0
"243",1,0,0,1,3,0,5,7,1,1,2,2,5,0
"244",1,0,0,0,2,0,5,6,2,1,2,2,5,0
"245",1,0,1,0,2,0,5,5,1,1,2,3,1,0
"246",1,1,1,1,4,0,5,9,1,1,1,3,NA,0
"247",1,1,0,1,4,0,5,5,1,1,1,4,NA,0
"248",1,1,1,0,4,0,2,8,1,1,1,2,NA,0
"249",1,1,1,1,4,0,5,6,2,1,2,3,1,0
"250",1,0,0,1,3,0,4,5,2,1,1,2,5,0
"251",1,1,1,1,2,0,4,6,2,1,1,3,6,0
"252",1,1,0,1,1,0,5,3,2,1,2,4,5,0
"253",1,1,0,1,2,0,5,7,2,1,2,3,5,0
"254",1,1,1,1,3,0,5,5,2,1,2,3,6,0
"255",1,0,1,0,3,0,5,4,1,1,1,3,5,0
"256",1,0,0,1,3,0,5,7,2,1,1,1,5,0
"257",1,0,1,1,3,0,2,6,2,1,1,4,5,0
"258",1,1,1,0,4,0,2,8,1,1,2,4,6,0
"259",1,0,0,0,1,0,5,6,2,1,1,2,5,0
"260",1,0,0,0,4,0,5,5,1,1,2,4,NA,0
"261",1,1,1,1,3,0,5,7,2,2,1,2,5,0
"262",1,0,1,1,3,0,5,7,1,2,1,2,5,0
"263",1,1,0,1,3,0,2,8,2,2,1,2,5,0
"264",1,1,0,1,1,0,5,6,2,2,1,3,5,0
"265",1,1,1,1,1,0,2,5,1,2,1,3,5,0
"266",1,1,1,1,3,0,5,7,2,2,1,2,5,0
"267",1,1,0,1,3,0,5,7,2,2,1,2,5,0
"268",1,1,1,1,3,0,5,6,2,2,2,2,6,0
"269",1,1,1,1,2,0,2,4,1,2,1,2,6,0
"270",1,1,1,0,1,0,5,4,1,2,1,2,6,0
"271",2,1,1,1,3,0,2,6,2,1,1,4,5,0
"272",2,0,0,1,1,0,5,8,2,1,1,3,1,0
"273",2,0,0,1,1,0,5,5,2,1,2,3,1,0
"274",2,0,0,1,2,0,5,7,2,1,1,3,1,0
"275",2,1,1,1,3,0,2,8,1,1,1,2,6,0
"276",2,1,1,1,3,0,2,7,1,1,1,3,6,0
"277",2,1,1,1,1,0,5,5,2,1,2,3,1,0
"278",2,1,1,1,4,0,2,8,1,1,1,1,5,0
"279",2,1,1,1,3,0,5,8,1,1,1,2,6,0
"280",2,0,0,1,2,0,5,6,2,1,1,3,1,0
"281",2,0,0,0,3,0,5,7,2,1,1,2,1,0
"282",2,1,1,1,3,0,5,4,1,1,2,3,5,0
"283",2,0,0,0,1,0,5,5,2,1,2,3,1,0
"284",2,1,1,0,3,0,2,5,2,1,1,3,6,0
"285",2,1,1,0,1,0,2,8,1,1,1,2,5,0
"286",2,0,1,1,3,0,5,7,2,1,1,3,5,0
"287",2,0,0,1,3,0,2,7,2,1,1,2,1,0
"288",2,0,0,1,2,0,5,5,2,1,2,3,5,0
"289",1,1,1,0,2,0,2,3,1,2,1,2,6,0
"290",2,1,1,0,1,0,2,7,1,2,2,2,6,0
"291",2,1,1,1,2,0,2,7,1,2,2,3,6,0
"292",2,1,1,0,1,0,2,7,2,2,1,2,6,0
"293",2,1,1,1,2,0,5,2,1,2,1,3,6,0
"294",2,1,1,0,1,0,5,5,2,2,1,3,4,0
"295",2,1,1,1,2,0,2,8,2,2,2,2,4,0
"296",2,1,1,1,1,0,2,1,1,2,1,3,6,0
"297",2,1,1,1,1,0,2,4,2,2,2,4,6,0
"298",2,1,1,0,2,0,5,6,1,2,1,1,6,0
"299",1,0,1,1,3,0,2,9,1,1,1,2,NA,0
"300",1,0,0,0,1,0,5,8,2,1,2,3,5,0
"301",2,0,0,0,2,0,5,7,1,1,1,2,5,0
"302",2,1,1,0,3,0,2,5,1,2,1,1,6,0
"303",2,1,1,0,3,0,2,6,1,2,1,2,6,0
"304",1,1,0,0,4,0,2,10,1,1,1,2,NA,0
"305",2,1,1,0,4,0,4,8,1,2,1,2,5,0
"306",2,1,1,0,4,0,2,10,1,1,1,2,6,0
"307",2,1,1,0,3,0,2,9,2,1,1,2,5,0
"308",2,1,1,1,3,0,4,6,2,1,2,2,5,0
"309",2,1,1,1,4,0,2,7,1,1,2,3,6,0
"310",2,1,1,0,4,0,5,7,1,1,1,2,8,0
"311",2,1,1,0,3,0,2,8,1,1,1,2,6,0
"312",2,0,1,0,4,0,2,5,2,1,1,3,5,0
"313",2,1,0,0,3,0,4,7,1,1,1,3,6,0
"314",2,1,1,0,1,0,2,7,1,1,1,1,6,0
"315",2,0,1,0,3,0,5,6,2,1,1,2,5,0
"316",2,0,1,1,4,0,2,10,1,1,1,2,5,0
"317",2,0,1,0,4,0,5,7,1,1,1,2,5,0
"318",2,0,1,1,3,0,4,7,2,1,1,2,5,0
"319",2,1,0,0,1,0,5,5,1,1,1,1,6,0
"320",2,0,1,1,1,0,4,5,2,1,2,1,5,0
"321",2,1,1,0,3,0,5,1,2,1,1,3,6,0
"322",2,1,0,1,3,0,2,6,1,1,1,3,6,0
"323",2,0,1,1,2,0,4,6,1,1,1,2,5,0
"324",2,0,1,0,3,0,4,7,1,1,1,1,5,0
"325",2,0,1,1,2,0,4,10,1,1,1,4,5,0
"326",2,1,1,1,3,0,2,8,1,1,1,2,0,0
"327",2,1,1,1,4,0,2,8,1,1,1,1,1,0
"328",2,1,1,1,4,0,2,7,1,1,1,2,6,0
"329",2,0,1,1,3,0,5,7,1,1,1,3,1,0
"330",2,0,1,0,2,0,2,8,1,1,2,1,1,0
"331",2,0,1,1,3,0,5,4,1,1,1,4,1,0
"332",2,0,1,0,4,0,5,7,1,1,1,2,1,0
"333",2,0,0,0,1,0,5,7,2,1,1,3,5,0
"334",2,0,1,0,4,0,2,7,1,1,2,2,15,0
"335",2,0,1,0,3,0,1,8,2,1,1,2,1,0
"336",2,1,1,0,2,0,4,6,1,1,1,1,12,0
"337",2,1,1,1,2,0,2,5,1,1,2,3,6,0
"338",1,1,0,1,1,0,5,7,2,1,1,3,5,0
"339",2,1,1,0,4,0,5,5,1,2,1,3,6,0
"340",2,1,1,0,1,0,2,7,1,2,1,2,6,0
"341",2,1,1,0,1,0,2,9,1,2,1,1,6,0
"342",2,1,1,0,3,0,2,4,1,2,1,3,6,0
"343",2,1,1,0,1,0,2,7,2,2,1,2,7,0
"344",2,1,1,0,4,0,4,5,1,2,1,2,6,0
"345",2,1,1,0,4,0,4,8,1,2,1,2,6,0
"346",2,1,1,0,4,0,2,6,1,2,1,2,6,0
"347",2,1,1,0,1,0,2,10,1,2,1,1,6,0
"348",2,1,1,0,1,0,2,4,2,2,2,3,6,0
"349",2,1,1,0,4,0,2,7,2,2,1,2,6,0
"350",2,1,0,0,1,0,2,4,2,2,2,3,6,0
"351",2,1,1,1,2,0,2,8,2,2,1,1,8,0
"352",2,1,1,0,2,0,2,5,1,2,2,2,6,0
"353",2,1,1,0,3,0,4,6,1,2,1,1,6,0
"354",2,1,1,0,4,0,5,6,1,2,2,4,3,0
"355",2,1,1,1,3,0,2,8,2,2,1,2,4,0
"356",2,1,1,1,3,0,2,9,1,2,1,2,6,0
"357",2,1,0,0,1,0,2,4,1,2,2,4,8,0
"358",2,1,1,0,3,0,2,7,1,2,2,2,6,0
"359",2,1,0,1,3,0,2,7,1,2,1,2,6,0
"360",2,1,0,0,1,0,2,5,1,2,2,3,8,0
"361",2,1,1,0,3,0,2,5,1,2,1,2,6,0
"362",2,1,1,0,3,0,4,5,1,2,1,3,6,0
"363",2,1,1,0,1,0,4,5,1,2,1,2,6,0
"364",2,1,0,0,1,0,4,2,1,2,2,4,6,0
"365",2,1,1,1,4,0,2,7,1,2,1,2,6,0
"366",2,1,1,0,3,0,2,4,1,2,1,2,6,0
"367",2,1,1,0,4,0,2,6,1,2,1,2,6,0
"368",2,1,1,0,3,0,5,7,1,2,1,3,6,0
"369",2,1,1,0,2,0,2,1,1,2,1,2,6,0
"370",2,1,1,1,3,0,4,7,1,2,1,1,6,0
"371",2,1,1,1,3,0,2,7,1,2,1,2,4,0
"372",2,1,1,0,1,0,2,7,1,2,1,1,4,0
"373",2,1,0,0,4,0,2,7,2,2,1,1,6,0
"374",2,1,1,0,3,0,2,7,1,2,1,1,6,0
"375",2,1,1,1,2,0,5,5,1,2,1,2,6,0
"376",2,1,1,0,2,0,2,6,1,2,1,2,6,0
"377",2,1,1,0,3,0,2,5,1,2,2,5,6,0
"378",2,1,1,0,4,0,2,5,2,2,2,2,6,0
"379",1,1,0,1,2,0,5,8,2,2,1,1,8,0
"380",1,1,1,1,3,0,5,6,2,2,1,2,6,0
"381",1,1,1,0,4,0,5,5,2,2,1,3,6,0
"382",1,1,0,1,1,0,2,7,2,2,2,1,8,0
"383",2,1,0,1,2,NA,1,7,1,1,1,2,1,0
"384",2,0,0,1,3,NA,5,8,1,1,1,1,9,0
"385",2,0,0,1,2,NA,5,10,1,1,1,1,5,0
"386",2,1,0,1,2,NA,5,7,1,2,1,3,5,0
"387",1,0,0,1,4,1,5,8,1,1,1,3,NA,0
"388",1,0,0,1,4,1,2,7,1,1,2,3,NA,0
"389",1,1,1,0,4,1,5,5,1,2,1,5,6,0
"390",2,0,1,0,4,1,5,7,2,1,2,2,5,0
"391",2,1,0,0,4,0,5,10,1,1,1,3,NA,0
"392",1,1,0,1,1,0,2,8,2,1,2,2,5,0
"393",1,1,1,1,2,0,5,2,2,2,2,4,6,0
"394",2,1,1,0,2,0,2,5,2,2,2,2,6,0
"395",1,1,1,0,3,0,4,9,2,2,1,2,5,0
"396",2,0,1,0,4,0,5,7,2,1,1,4,9,0
"397",2,0,1,1,3,0,5,5,2,1,1,3,1,0
"398",2,0,1,0,3,0,4,5,2,1,1,1,1,0
"399",2,1,1,0,4,0,4,8,1,2,1,1,6,0
"400",2,1,0,0,1,0,4,5,1,2,1,1,6,0
"401",2,1,1,0,3,0,4,6,1,2,1,2,6,0
"402",2,0,0,1,2,NA,5,5,1,1,1,3,1,0
"403",1,0,0,0,1,1,5,9,2,1,1,2,10,0
"404",1,1,1,1,2,1,5,6,2,1,1,2,5,0
"405",1,0,1,1,3,1,5,6,2,1,1,2,10,0
"406",2,0,1,0,2,1,5,8,2,1,1,2,5,0
"407",2,1,1,0,2,1,4,4,1,1,1,4,6,0
"408",1,1,0,0,3,0,2,7,1,1,2,2,NA,0
"409",1,1,0,0,1,0,2,5,1,1,1,2,NA,0
"410",1,1,1,0,3,0,5,4,1,2,1,3,NA,0
"411",1,1,1,0,2,0,5,3,1,1,1,3,NA,0
"412",1,0,0,1,2,0,5,7,2,1,1,1,5,0
"413",1,1,0,1,4,0,5,5,1,1,1,2,NA,0
"414",1,1,0,1,3,0,5,6,1,1,1,3,NA,0
"415",2,1,1,1,3,0,5,10,1,1,2,1,NA,0
"416",2,0,0,0,4,0,2,8,1,1,1,2,NA,0
"417",2,1,1,1,2,0,5,9,1,1,2,2,NA,0
"418",1,1,0,1,3,0,5,8,2,1,1,3,NA,0
"419",1,1,0,0,3,0,2,8,1,2,1,3,NA,0
"420",1,1,0,1,2,0,5,6,1,1,1,4,NA,0
"421",1,0,1,1,1,0,5,5,1,1,1,2,5,0
"422",1,0,0,1,1,0,2,6,2,1,1,2,5,0
"423",1,1,1,0,2,0,5,6,1,1,2,3,5,0
"424",1,0,1,0,3,0,5,6,1,1,1,2,1,0
"425",1,0,0,1,4,0,5,5,1,1,1,3,NA,0
"426",1,0,0,0,1,0,2,7,2,1,1,1,5,0
"427",1,1,0,1,2,0,5,8,1,1,1,2,5,0
"428",1,0,0,1,3,0,5,9,1,1,1,3,5,0
"429",1,0,0,1,4,0,5,7,2,1,2,2,5,0
"430",1,0,0,1,3,0,5,5,2,1,1,3,5,0
"431",1,0,0,1,2,0,5,6,1,1,1,1,5,0
"432",1,0,0,0,1,0,5,6,2,1,1,2,1,0
"433",1,0,0,0,2,0,5,5,1,1,1,1,NA,0
"434",1,0,1,1,1,0,5,10,1,1,2,2,NA,0
"435",1,0,0,1,1,0,5,4,2,1,1,3,5,0
"436",1,0,0,1,2,0,5,6,2,1,1,2,5,0
"437",1,1,1,1,2,0,2,5,2,1,2,3,5,0
"438",1,0,1,1,1,0,5,7,1,1,1,2,5,0
"439",1,1,1,1,3,0,5,7,1,1,1,1,NA,0
"440",2,0,0,1,4,0,5,8,2,1,1,2,5,0
"441",2,0,0,1,3,0,5,8,2,1,2,2,1,0
"442",2,0,0,0,1,0,5,7,2,1,1,1,1,0
"443",2,1,1,1,2,0,5,8,1,1,2,2,5,0
"444",2,0,0,1,3,0,5,6,2,1,1,2,5,0
"445",2,1,1,1,3,0,5,7,2,1,1,2,5,0
"446",2,0,1,1,3,0,5,8,1,1,1,2,5,0
"447",2,0,1,0,1,0,5,4,2,1,2,3,1,0
"448",2,1,1,1,3,0,5,7,2,1,1,3,5,0
"449",2,0,1,0,1,0,5,8,2,1,1,1,1,0
"450",2,0,1,1,3,0,5,8,1,1,1,1,1,0
"451",2,0,0,0,2,0,5,6,2,1,1,3,1,0
"452",2,0,1,1,4,0,5,4,2,1,2,4,1,0
"453",2,1,1,1,1,0,5,5,1,2,2,3,6,0
"454",2,1,1,1,3,0,5,5,2,2,1,3,5,0
"455",2,0,1,0,1,0,2,6,2,2,1,2,6,0
"456",2,1,1,0,1,0,2,3,1,2,1,2,6,0
"457",1,1,0,1,3,0,5,9,2,1,1,2,1,0
"458",1,1,1,1,3,0,5,6,2,1,1,2,1,0
"459",1,1,1,1,3,0,5,5,1,1,1,3,NA,0
"460",1,1,0,0,3,0,5,10,2,1,1,2,1,0
"461",2,1,1,1,4,0,2,4,1,1,1,3,6,0
"462",2,1,1,1,4,0,2,4,1,1,1,3,4,0
"463",2,1,1,0,3,0,2,7,1,1,1,2,5,0
"464",2,0,0,1,3,0,5,8,2,1,1,3,1,0
"465",2,0,1,1,2,0,5,8,1,1,2,4,8,0
"466",2,0,1,0,4,0,2,7,1,1,1,2,7,0
"467",2,0,1,0,3,0,4,8,1,1,1,2,5,0
"468",2,0,1,0,2,0,2,5,1,1,2,2,5,0
"469",2,0,0,1,2,0,5,4,1,1,1,2,5,0
"470",2,0,0,0,1,0,5,5,1,1,1,1,5,0
"471",2,0,1,1,3,0,4,10,1,1,1,2,1,0
"472",2,1,1,1,2,0,2,7,1,1,2,2,6,0
"473",2,1,0,0,2,0,4,7,1,1,1,1,1,0
"474",2,1,1,1,4,0,1,5,1,1,1,2,5,0
"475",2,0,0,0,1,0,5,5,2,1,1,3,5,0
"476",2,1,1,0,3,0,2,7,1,2,1,3,6,0
"477",2,1,1,0,3,0,2,8,1,2,1,3,6,0
"478",2,1,1,0,3,0,5,5,1,2,1,2,5,0
"479",2,1,0,0,2,0,5,5,1,2,2,4,5,0
"480",2,1,1,1,2,0,5,3,1,2,1,3,6,0
"481",2,1,1,0,1,0,2,7,1,2,1,1,6,0
"482",2,1,1,0,1,0,2,6,1,2,2,2,6,0
"483",2,1,0,0,1,0,2,7,1,2,1,2,8,0
"484",2,1,1,0,1,0,2,8,1,2,1,2,8,0
"485",2,1,0,0,1,0,4,6,1,2,1,2,5,0
"486",2,1,1,0,4,0,2,6,1,2,1,1,6,0
"487",2,1,0,0,1,0,2,6,1,2,1,1,6,0
"488",2,1,1,0,3,0,4,5,1,2,1,2,6,0
"489",2,1,0,0,1,0,2,9,1,2,1,2,5,0
"490",2,1,1,0,1,0,2,7,1,2,1,3,5,0
"491",2,1,1,0,4,0,2,6,1,2,1,1,6,0
"492",2,1,0,1,2,0,5,6,1,2,1,1,8,0
"493",2,0,0,1,1,NA,5,7,2,1,1,2,1,0
"494",2,0,0,1,2,NA,1,5,1,1,1,2,1,0
